1111000000000011111000000001111100000000011111000000000111100001111000000001111110001111111111111111
1111100000000011111000000011111100000000011111100000000111100001111000000011111100001111111111111111
1111100000000011110000000011111110000000011111100000000111100001111000000111111000001111111111111111
0111100000000111110000000111111110000000011111110000000111100001111000001111110000001111111111111111
0111110000000111110000000111111110000000011111111000000111100001111000011111100000001111000000000000
0111110000000111100000000111111111000000011111111000000111100001111000111111000000001111000000000000
0111110000001111100000001111111111000000011111111100000111100001111000111110000000001111000000000000
0011111000001111100000001111101111000000011111111100000111100001111001111100000000001111000000000000
0011111000001111100000001111001111100000011111111110000111100001111011111100000000001111000000000000
0011111000011111000000011111001111100000011111111111000111100001111111111000000000001111111111111110
0001111000011111000000011111000111100000011111011111000111100001111111111000000000001111111111111110
0001111100011111000000011110000111110000011111001111100111100001111111111100000000001111111111111110
0001111100011110000000111110000111110000011111001111110111100001111111111110000000001111111111111110
0000111100111110000000111111111111110000011111000111110111100001111111111110000000001111000000000000
0000111110111110000000111111111111111000011111000011111111100001111100111111000000001111000000000000
0000111110111100000001111111111111111000011111000011111111100001111000011111100000001111000000000000
0000011111111100000001111111111111111000011111000001111111100001111000001111110000001111000000000000
0000011111111100000001111000000001111100011111000001111111100001111000000111111000001111000000000000
0000011111111000000011111000000001111100011111000000111111100001111000000111111000001111000000000000
0000001111111000000011111000000000111100011111000000011111100001111000000011111100001111111111111111
0000001111111000000011110000000000111110011111000000011111100001111000000001111110001111111111111111
0000001111110000000111110000000000111110011111000000001111100001111000000000111111001111111111111111
0000000111110000000111110000000000011110011111000000000111100001111000000000111111001111111111111111
