11100001110001110000111100011101110001111011111111
11100011100001111000111100011101110011110011111111
11100011100011111000111110011101110111100011000000
01100011100011111000111110011101111111000011000000
01110011000111011100111111011101111110000011111111
01110111000111011100111111111101111110000011111111
01110111000111111100111011111101111111000011111111
00111111001111111110111001111101110111100011000000
00111110001111111110111001111101110011100011000000
00111110001110001110111000111101110011110011111111
00011110011100000111111000111101110001111011111111
